Aspect Ratio b/a	x=u (mm)	y=F_{t,b/a} (N)
1.0
	0.0	0.0
	0.02	0.0007162705206982091
	0.04	0.0014327260986439
	0.060000000000000005	0.0021494263136936
	0.08	0.0028665361411467
	0.1	0.003584189994035
	0.12000000000000001	0.0043025247576757
	0.13999999999999999	0.0050216780507648
	0.16	0.0057417883735443
	0.18000000000000002	0.0064629952567365
	0.2	0.0071854394111415
	0.22000000000000003	0.0079092628777032
	0.24000000000000002	0.0086346091777223
	0.26	0.0093616234627443
	0.28	0.0100904526634617
	0.30000000000000004	0.0108212456367428
	0.32	0.0115541533096233
	0.34	0.012289328818771
	0.36000000000000004	0.0130269276435431
	0.38	0.0137671077303053
	0.4	0.0145100296051551
	0.42000000000000004	0.0152558564716043
	0.44000000000000006	0.0160047542891136
	0.46	0.0167568918276737
	0.48000000000000004	0.0175124406928924
	0.5	0.0182715753153501
	0.52	0.0190344728973712
	0.54	0.0198013133099396
	0.56	0.0205722789323771
	0.58	0.0213475544277688
	0.6000000000000001	0.0221273264481098
	0.62	0.0229117832649261
	0.64	0.0237011143237835
	0.6600000000000001	0.024495509724618
	0.68	0.0252951596340557
	0.7000000000000001	0.0261002536404621
	0.7200000000000001	0.026910980066848
	0.7400000000000001	0.0277275252603448
	0.76	0.028550072879155
	0.7800000000000001	0.0293788031982782
	0.8	0.0302138924538662
	0.8200000000000001	0.0310555122430142
	0.8400000000000001	0.0319038289917399
	0.8600000000000001	0.0327590034994922
	0.8800000000000001	0.0336211905643972
	0.9000000000000002	0.0344905386899933
	0.92	0.0353671898716184
	0.94	0.0362512794588385
	0.9600000000000001	0.037142936089188
	0.98	0.0380422816878314
	1.0	0.0389494315273651
0.5
	0.0	0.0
	0.02	0.0003859194751414831
	0.04	0.0007719767587588168
	0.060000000000000005	0.0011582111418102
	0.08	0.0015447510964448
	0.1	0.0019316942730597
	0.12000000000000001	0.0023191422776408
	0.13999999999999999	0.002707197212043
	0.16	0.0030959617598482
	0.18000000000000002	0.0034855392672671
	0.2	0.003876033818205
	0.22000000000000003	0.0042675503025555
	0.24000000000000002	0.0046601944766859
	0.26	0.0050540730149861
	0.28	0.0054492935512437
	0.30000000000000004	0.0058459647085016
	0.32	0.006244196115947
	0.34	0.0066440984112729
	0.36000000000000004	0.0070457832268562
	0.38	0.0074493631580094
	0.4	0.0078549517114973
	0.42000000000000004	0.0082626632324704
	0.44000000000000006	0.0086726128079703
	0.46	0.0090849161452141
	0.48000000000000004	0.0094996894229932
	0.5	0.0099170491147405
	0.52	0.010337111782152
	0.54	0.010759993838727
	0.56	0.0111858112832402
	0.58	0.0116146794039899
	0.6000000000000001	0.0120467124557119
	0.62	0.0124820233122838
	0.64	0.0129207230997473
	0.6600000000000001	0.0133629208156882
	0.68	0.0138087229425189
	0.7000000000000001	0.0142582330635904
	0.7200000000000001	0.0147115514921424
	0.7400000000000001	0.0151687749237187
	0.76	0.0156299961226905
	0.7800000000000001	0.0160953036528324
	0.8	0.0165647816604814
	0.8200000000000001	0.0170385097167387
	0.8400000000000001	0.0175165627226254
	0.8600000000000001	0.0179990108782995
	0.8800000000000001	0.0184859197146571
	0.9000000000000002	0.0189773501831312
	0.92	0.0194733587974725
	0.94	0.0199739978198729
	0.9600000000000001	0.0204793154830253
	0.98	0.0209893562395494
	1.0	0.0215041610305673
0.25
	0.0	0.0
	0.02	0.00018489802725726767
	0.04	0.0003699021256762174
	0.060000000000000005	0.0005550207910138531
	0.08	0.0007403550905442873
	0.1	0.0009259673709460692
	0.12000000000000001	0.0011119263586334
	0.13999999999999999	0.0012983009157969
	0.16	0.0014851600580346
	0.18000000000000002	0.0016725729679138
	0.2	0.0018606090033307
	0.22000000000000003	0.0020493376995768
	0.24000000000000002	0.002238828763958
	0.26	0.0024291520617566
	0.28	0.0026203775922676
	0.30000000000000004	0.0028125754535968
	0.32	0.0030058157948828
	0.34	0.0032001687546059
	0.36000000000000004	0.0033957043836924
	0.38	0.0035924925522221
	0.4	0.0037906028387197
	0.42000000000000004	0.0039901044012753
	0.44000000000000006	0.0041910658301078
	0.46	0.0043935549816787
	0.48000000000000004	0.0045976387950816
	0.5	0.0048033830921765
	0.52	0.005010852363793
	0.54	0.0052201095452505
	0.56	0.0054312157853942
	0.58	0.0056442302142417
	0.6000000000000001	0.0058592097151024
	0.62	0.006076208707575
	0.64	0.0062952789480681
	0.6600000000000001	0.0065164693543679
	0.68	0.0067398258602565
	0.7000000000000001	0.0069653913052866
	0.7200000000000001	0.007193205363587
	0.7400000000000001	0.0074233045141
	0.76	0.0076557220530558
	0.7800000000000001	0.0078904881478855
	0.8	0.0081276299302873
	0.8200000000000001	0.0083671716248839
	0.8400000000000001	0.0086091347089088
	0.8600000000000001	0.008853538097674
	0.8800000000000001	0.0091003983501959
	0.9000000000000002	0.0093497298892816
	0.92	0.0096015452305498
	0.94	0.0098558552152392
	0.9600000000000001	0.010112669242185
	0.98	0.0103719954949678
	1.0	0.010633841160915
0.14
	0.0	0.0
	0.02	9.613780061297224e-05
	0.04	0.00019235182672059175
	0.060000000000000005	0.00028864393799562106
	0.08	0.0003851029069901426
	0.1	0.0004817723027504912
	0.12000000000000001	0.0005787047244463733
	0.13999999999999999	0.000675952444621199
	0.16	0.0007735673355560844
	0.18000000000000002	0.000871600792197924
	0.2	0.0009701036510486928
	0.22000000000000003	0.0010691261049684
	0.24000000000000002	0.0011687176140364
	0.26	0.0012689268128167
	0.28	0.0013698014145802
	0.30000000000000004	0.0014713881132439
	0.32	0.0015737324839844
	0.34	0.0016768788836685
	0.36000000000000004	0.0017808703524012
	0.38	0.0018857485176257
	0.4	0.0019915535023018
	0.42000000000000004	0.0020983238387429
	0.44000000000000006	0.0022060963896999
	0.46	0.002314906278238
	0.48000000000000004	0.0024247868278651
	0.5	0.0025357695142332
	0.52	0.0026478839295551
	0.54	0.0027611577606577
	0.56	0.0028756167813431
	0.58	0.0029912848594461
	0.6000000000000001	0.0031081839786861
	0.62	0.0032263342751027
	0.64	0.0033457540875678
	0.6600000000000001	0.0034664600215754
	0.68	0.0035884670252468
	0.7000000000000001	0.0037117884762551
	0.7200000000000001	0.003836436278182
	0.7400000000000001	0.0039624209646754
	0.76	0.0040897518096843
	0.7800000000000001	0.0042184369420117
	0.8	0.004348483462437
	0.8200000000000001	0.0044798975617309
	0.8400000000000001	0.0046126846379878
	0.8600000000000001	0.0047468494118501
	0.8800000000000001	0.0048823960383672
	0.9000000000000002	0.005019328214425
	0.92	0.0051576492808757
	0.94	0.0052973623186998
	0.9600000000000001	0.0054384702387211
	0.98	0.0055809758645748
	1.0	0.0057248820087896
0.1
	0.0	0.0
	0.02	4.5924665322165406e-05
	0.04	9.189043682260062e-05
	0.060000000000000005	0.0001379186038693937
	0.08	0.0001840488166497017
	0.1	0.0002303153066409969
	0.12000000000000001	0.0002767520255736097
	0.13999999999999999	0.00032339238325920067
	0.16	0.000370269152268018
	0.18000000000000002	0.0004174143765453916
	0.2	0.0004648592853267969
	0.22000000000000003	0.0005126342130531636
	0.24000000000000002	0.0005607685259433766
	0.26	0.0006092905558270745
	0.28	0.0006582275417725857
	0.30000000000000004	0.0007076055799677618
	0.32	0.0007574495822215864
	0.34	0.000807783243356606
	0.36000000000000004	0.0008586290176546094
	0.38	0.0009100081044076122
	0.4	0.0009619404425096296
	0.42000000000000004	0.001014444713909
	0.44000000000000006	0.0010675383556292
	0.46	0.0011212375799541
	0.48000000000000004	0.0011755574022778
	0.5	0.0012305116760223
	0.52	0.0012861131339558
	0.54	0.0013423734351724
	0.56	0.0013993032169539
	0.58	0.0014569121506974
	0.6000000000000001	0.0015152090010836
	0.62	0.0015742016876632
	0.64	0.0016338973480603
	0.6600000000000001	0.0016943024020281
	0.68	0.0017554226156441
	0.7000000000000001	0.0018172631649913
	0.7200000000000001	0.0018798286987448
	0.7400000000000001	0.0019431233991549
	0.76	0.0020071510409998
	0.7800000000000001	0.0020719150481572
	0.8	0.0021374185475206
	0.8200000000000001	0.0022036644200563
	0.8400000000000001	0.0022706553488669
	0.8600000000000001	0.0023383938641809
	0.8800000000000001	0.0024068823852451
	0.9000000000000002	0.0024761232591373
	0.92	0.002546118796556
	0.94	0.0026168713046727
	0.9600000000000001	0.0026883831171582
	0.98	0.0027606566215087
	1.0	0.0028336942838147
