Aspect Ratio b/a	x=w (mm)	y=F_{n,b/a} (N)
10
	0.0	3.9369202290308655e-15
	0.005000000000000088	0.0007339500353126495
	0.010000000000000092	0.0033689335464773
	0.015000000000000097	0.005940327602014
	0.0200000000000001	0.008490201629417
	0.025000000000000105	0.0108973974085682
	0.03000000000000011	0.0128332178918777
	0.035000000000000114	0.0134312639091699
	0.04000000000000012	0.0135384335601613
	0.04500000000000012	0.0137806405958962
	0.05000000000000013	0.0138744533350222
	0.05500000000000008	0.0139955271765485
	0.06000000000000008	0.0140565725926572
	0.0650000000000002	0.014117308013829
	0.07000000000000009	0.0141588120253093
	0.0750000000000001	0.014199696771582
	0.0800000000000001	0.0142363544747085
	0.0850000000000001	0.0142604663061237
	0.09000000000000011	0.0142896545114612
	0.09500000000000011	0.0143150817200114
	0.10000000000000012	0.0143335432828419
	0.10500000000000012	0.0143581854821854
	0.11000000000000013	0.0143776833286109
	0.11500000000000007	0.0143970448454307
	0.12000000000000008	0.0144146922138535
	0.12500000000000008	0.0144282886961248
	0.1300000000000001	0.0144477695676474
	0.1350000000000001	0.0144628923607435
	0.1400000000000001	0.0144741713683297
	0.1450000000000001	0.0144915882383255
	0.1500000000000001	0.0145058072135086
	0.1550000000000001	0.0145194475485661
	0.16000000000000011	0.0145332105329314
	0.16500000000000012	0.0145470949757293
	0.17000000000000012	0.0145567604795537
	0.17500000000000013	0.0145700491526225
	0.18000000000000008	0.0145841490517891
	0.18500000000000008	0.0145949564497836
	0.1900000000000002	0.0146039652002085
	0.1950000000000001	0.0146181524579883
	0.2000000000000001	0.0146294676209711
	0.2050000000000001	0.0146405044107871
	0.21	0.0146513418903686
	0.215	0.0146633633714919
	0.2200000000000001	0.0146746486073131
	0.225	0.0146830186614529
	0.23	0.014693341153009
	0.23500000000000001	0.0147050879509614
	0.24000000000000007	0.0147166189984938
	0.24500000000000008	0.0147249772655213
	0.2500000000000001	0.014732994614724
	0.2550000000000001	0.0147461521738693
	0.2600000000000001	0.0147559811855304
	0.2650000000000001	0.0147656956880966
	0.27000000000000013	0.0147753102241012
	0.27500000000000013	0.0147848104310972
	0.28000000000000014	0.0147967496649392
	0.28500000000000014	0.0148059363235581
	0.29000000000000015	0.0148137151809304
	0.29500000000000015	0.0148230779600285
	0.30000000000000027	0.0148335224690692
	0.30500000000000016	0.0148438494814953
	0.31000000000000016	0.014853017379667
	0.31500000000000017	0.0148606935575604
	0.3200000000000002	0.0148695697391547
	0.3250000000000002	0.0148814122413662
	0.3300000000000002	0.0148904775712572
	0.3350000000000002	0.0148994760971488
	0.3400000000000002	0.0149084172690609
	0.3450000000000002	0.0149173160946479
	0.3500000000000002	0.0149273219302735
	0.3550000000000002	0.01493839682462
	0.3600000000000003	0.0149460189223173
	0.3650000000000002	0.0149536352610125
	0.3700000000000001	0.0149631634966025
	0.3750000000000001	0.0149729022200016
	0.3800000000000001	0.0149825220159889
	0.3850000000000001	0.0149918468556904
	0.3900000000000001	0.0149994447722025
	0.39500000000000013	0.015007037565684
	0.40000000000000013	0.0150180158964481
7
	0.0	-1.0902928416340974e-14
	0.0050000000000001155	0.0014520740084566
	0.010000000000000009	0.0048708750131006
	0.015000000000000097	0.0075927614411467
	0.0200000000000001	0.0101819335598762
	0.025000000000000105	0.0127630824100977
	0.03000000000000011	0.0153641498240982
	0.035000000000000114	0.0179512965862263
	0.04000000000000012	0.0203373168236947
	0.04500000000000012	0.0203563914795133
	0.05000000000000013	0.0207187877566111
	0.05500000000000013	0.0206880022368848
	0.06000000000000014	0.0207561408640484
	0.06500000000000009	0.0207821779437065
	0.07000000000000009	0.0208062272889762
	0.0750000000000002	0.0208208237867814
	0.0800000000000001	0.0208367500148892
	0.0850000000000001	0.0208501315780488
	0.09000000000000011	0.0208701177258335
	0.09500000000000011	0.0208689926297712
	0.10000000000000012	0.0208912679516463
	0.10500000000000012	0.0208990055833564
	0.11000000000000013	0.0209100053975785
	0.11500000000000013	0.0209240669674953
	0.12000000000000013	0.0209363387584864
	0.12500000000000008	0.0209400396785562
	0.1300000000000001	0.0209579822916881
	0.1350000000000001	0.0209676441972322
	0.1400000000000001	0.0209778669161528
	0.1450000000000001	0.0209861973209723
	0.1500000000000001	0.0210013138008055
	0.1550000000000001	0.021012239689228
	0.16000000000000011	0.0210157130899356
	0.16500000000000012	0.0210311520746381
	0.17000000000000012	0.0210436863297675
	0.17500000000000013	0.0210520692330009
	0.18000000000000013	0.0210632041181859
	0.18500000000000014	0.0210718104503537
	0.19000000000000009	0.0210858544414671
	0.1950000000000001	0.0210985465608062
	0.2000000000000002	0.0211032794454762
	0.2050000000000001	0.0211139519295753
	0.2100000000000001	0.0211278348006412
	0.2150000000000001	0.0211381953856717
	0.22	0.0211469423322765
	0.225	0.0211584749139188
	0.23000000000000012	0.0211672737848429
	0.23500000000000001	0.0211797553504976
	0.24000000000000002	0.0211929116344844
	0.24500000000000002	0.0212011782098692
	0.2500000000000001	0.0212075036969559
	0.2550000000000001	0.021220577944254
	0.2600000000000001	0.0212334531305222
	0.2650000000000001	0.0212434877476497
	0.27000000000000013	0.0212524208026417
	0.27500000000000013	0.0212644445777865
	0.28000000000000014	0.0212735003082759
	0.28500000000000014	0.0212843888820568
	0.29000000000000015	0.0212969228440738
	0.29500000000000015	0.0213093379476822
	0.30000000000000016	0.0213162294757746
	0.30500000000000016	0.0213247412951687
	0.3100000000000003	0.0213371664738388
	0.31500000000000017	0.0213495217970726
	0.3200000000000002	0.0213600855342771
	0.3250000000000002	0.0213693086794537
	0.3300000000000002	0.0213812819006554
	0.3350000000000002	0.0213910830685558
	0.3400000000000002	0.0214005302329944
	0.3450000000000002	0.0214127205100088
	0.3500000000000002	0.0214248734430258
	0.3550000000000002	0.0214365893374878
	0.3600000000000002	0.0214439939611672
	0.3650000000000002	0.0214534178629558
	0.37000000000000033	0.0214655967613406
	0.3750000000000002	0.0214777192194834
	0.3800000000000001	0.0214892096394314
	0.3850000000000001	0.0214987171461001
	0.3900000000000001	0.0215096041958518
	0.39500000000000013	0.0215213186085478
	0.40000000000000013	0.0215308541281994
1
	0.0	0.0003856341233171149
	0.0	0.0003856341233171149
	0.0050000000000000044	0.0027272609577782
	0.010000000000000009	0.0049400222408315
	0.015	0.0071900666656217
	0.019999999999999907	0.0094667929897036
	0.024999999999999897	0.0117573986290716
	0.03	0.0140565293230821
	0.035	0.0163628368132756
	0.04000000000000001	0.0186786934790939
	0.04500000000000001	0.0209976817007116
	0.05000000000000002	0.0233202458474473
	0.05499999999999999	0.0256471951837847
	0.06	0.0279739188596579
	0.065	0.0303050471506287
	0.07	0.0326335579175751
	0.07500000000000001	0.0349669992641286
	0.08000000000000002	0.0372964982236326
	0.08499999999999999	0.0396290352705867
	0.09	0.0419581258292496
	0.095	0.0442878769141253
	0.1	0.0466162326349069
	0.10500000000000001	0.048942467786608
	0.11000000000000001	0.0512685459651393
	0.11499999999999999	0.0535905469779596
	0.12	0.0559140780853565
	0.125	0.0582320532628122
	0.1299999999999999	0.0605494175218746
	0.135	0.062864627240865
	0.1399999999999999	0.0651759708761142
	0.145	0.0674859801996762
	0.15	0.0697924533262267
	0.155	0.0720941870619951
	0.16	0.074396881790918
	0.165	0.0766930499553731
	0.17	0.0789873196176196
	0.17500000000000002	0.0812790607976504
	0.18000000000000002	0.0835635741941536
	0.18500000000000003	0.0858482817194966
	0.19000000000000003	0.0881291953498148
	0.19499999999999998	0.0904041057700208
	0.19999999999999998	0.0926777612577287
	0.2050000000000001	0.094947302843126
	0.21	0.097209344083158
	0.215	0.0994711174147092
	0.22	0.10172851521655
	0.225	0.1039796379679549
	0.23	0.1062288500005214
	0.23500000000000001	0.1084737930325838
	0.24000000000000002	0.1107106982576565
	0.24500000000000002	0.112945897465282
	0.25	0.1151786721972184
	0.255	0.1174039498730321
	0.26	0.1196251366277803
	0.265	0.1218428003081674
	0.27	0.1240538075615874
	0.275	0.126263452894733
	0.28	0.1282542867640857
	0.28500000000000003	0.1296459959814964
	0.29000000000000004	0.1260006110077487
	0.29500000000000004	0.1284734974351619
	0.30000000000000004	0.1284024857623244
	0.30500000000000005	0.1283024711338624
	0.31000000000000005	0.1282907185299703
	0.31500000000000006	0.1282460053786932
	0.31999999999999995	0.128220524473456
	0.32499999999999996	0.1282184030324198
	0.33000000000000007	0.1282013807707907
	0.33499999999999996	0.128189465160931
	0.33999999999999997	0.1281821230172982
	0.345	0.1281605106628333
	0.34999999999999987	0.1281561931001688
	0.35499999999999987	0.1281486763052684
	0.36	0.1281365255132369
	0.3649999999999999	0.1281191803235608
	0.3699999999999999	0.1281193817686723
	0.3749999999999999	0.1281107308457301
	0.38	0.1280982313679006
	0.385	0.1280872959728875
	0.39	0.1280841489814635
	0.395	0.1280735386039411
	0.4	0.1280694492714341
4
	0.0	-1.347516142052285e-14
	0.0050000000000000044	0.0003281674682541575
	0.010000000000000009	0.0028610158388553
	0.014999999999999986	0.005344459812021
	0.01999999999999999	0.0078425976176892
	0.024999999999999994	0.0103621607631632
	0.029999999999999888	0.0128931763180904
	0.035	0.0154223151737869
	0.0399999999999999	0.0179633946563911
	0.044999999999999984	0.0204981499649258
	0.04999999999999999	0.0230351329140238
	0.05499999999999999	0.02557384102334
	0.06	0.0281132908884107
	0.065	0.0306466013261503
	0.07	0.0331634186748429
	0.07500000000000001	0.0352421937821999
	0.08000000000000002	0.0353088974538969
	0.08500000000000002	0.035738484428896
	0.09000000000000002	0.0358188465140632
	0.09499999999999997	0.0358652957304318
	0.09999999999999998	0.0359456081573039
	0.1050000000000001	0.0359962497204491
	0.10999999999999999	0.0360388724614675
	0.11499999999999999	0.0360721708843754
	0.12	0.0361096273112012
	0.125	0.0361411529849697
	0.13	0.0361754475271467
	0.135	0.0361954555074745
	0.14	0.0362310390502586
	0.14500000000000002	0.036256149089744
	0.15000000000000002	0.0362797065345588
	0.15499999999999997	0.0363093402785167
	0.15999999999999998	0.0363273448220421
	0.16499999999999998	0.0363563680652872
	0.16999999999999998	0.0363797517325943
	0.175	0.0364004954684149
	0.18	0.0364286950517725
	0.185	0.0364431597085042
	0.19	0.036470342682337
	0.195	0.0364916831965375
	0.2	0.0365148754934124
	0.20500000000000002	0.0365353147357814
	0.21000000000000002	0.0365605775804284
	0.21500000000000002	0.0365749950584965
	0.21999999999999997	0.0365990734821909
	0.22499999999999998	0.0366219635901661
	0.2300000000000001	0.0366418939504364
	0.235	0.0366613944344378
	0.24	0.0366836490258142
	0.245	0.036706826003727
	0.2499999999999999	0.0367212846989642
	0.2549999999999999	0.0367441275476425
	0.26	0.0367661639674116
	0.2649999999999999	0.036784729142136
	0.2699999999999999	0.0368053996665569
	0.2749999999999999	0.0368251283030037
	0.27999999999999997	0.0368470819266027
	0.285	0.0368652028119851
	0.29	0.0368837646336948
	0.295	0.0369054250604186
	0.3	0.0369254135043267
	0.305	0.0369448094841318
	0.31	0.0369644857908537
	0.315	0.0369840371822138
	0.32	0.0370049746461439
	0.325	0.037024911617659
	0.33	0.0370416707525474
	0.335	0.0370624920983513
	0.34000000000000014	0.0370831242400387
	0.34500000000000003	0.0371010666782773
	0.35000000000000003	0.0371222786125588
	0.35500000000000004	0.0371404350132966
	0.36000000000000004	0.0371607645701118
	0.36500000000000005	0.0371809796035997
	0.37000000000000005	0.0372003856916567
	0.37500000000000006	0.0372180742537976
	0.38000000000000006	0.0372383158118344
	0.38500000000000006	0.0372583428746221
	0.39000000000000007	0.0372765871682029
	0.3950000000000001	0.0372972592593365
	0.4000000000000002	0.0373165161336157
2
	0.0	3.12873265922932e-15
	0.0050000000000000044	0.0012789297912574
	0.010000000000000009	0.0042663374274907
	0.015000000000000013	0.0067522773860365
	0.020000000000000018	0.0091546952904294
	0.024999999999999994	0.0115780949852344
	0.03	0.0140048398342878
	0.035	0.0164440899508349
	0.04000000000000001	0.0188825850504594
	0.04500000000000001	0.0213258395285778
	0.05000000000000002	0.0237746354096691
	0.05499999999999999	0.0262090721930524
	0.06	0.028670123879572
	0.065	0.0311080407599432
	0.0699999999999999	0.0335604972275243
	0.07500000000000001	0.0360118499234733
	0.0799999999999999	0.0384478765632652
	0.08499999999999999	0.0409028182566602
	0.09	0.0433403198550307
	0.095	0.0457833883916061
	0.1	0.0482153355267379
	0.10500000000000001	0.0506572947640718
	0.11000000000000001	0.0530818682254859
	0.11500000000000002	0.0555220384629871
	0.12000000000000002	0.0579465931581158
	0.12500000000000003	0.0603676672148935
	0.13000000000000003	0.0627870838418879
	0.13499999999999998	0.0652003290148327
	0.13999999999999999	0.0675813854907205
	0.1450000000000001	0.0689324255300598
	0.15	0.0682189243208337
	0.155	0.069074281854678
	0.16	0.0689830672546364
	0.165	0.0689556140146176
	0.17	0.0689775303979927
	0.17500000000000002	0.0689915473722274
	0.18000000000000002	0.0690116579691836
	0.18500000000000003	0.0689965701282506
	0.19000000000000003	0.0689854938636023
	0.19499999999999998	0.0689926005914252
	0.19999999999999998	0.0690045319408915
	0.205	0.0690035577079254
	0.21	0.0690007134442733
	0.215	0.0690102306580722
	0.22	0.0690137391426718
	0.225	0.0690235275114524
	0.23	0.0690188874981938
	0.23500000000000001	0.0690277295975577
	0.24000000000000002	0.0690235038747727
	0.24500000000000002	0.0690366132070622
	0.25	0.0690365934658465
	0.255	0.0690453680155299
	0.26	0.0690424688185212
	0.265	0.0690580176534243
	0.27000000000000013	0.069057010673338
	0.275	0.0690663612495463
	0.28	0.0690705199582923
	0.28500000000000003	0.0690781873946267
	0.2899999999999999	0.0690834774560669
	0.29499999999999993	0.0690870432766242
	0.30000000000000004	0.0690997635314313
	0.30499999999999994	0.0691015570161158
	0.30999999999999994	0.0691143055306158
	0.31499999999999995	0.06911857483752
	0.31999999999999995	0.0691251220822019
	0.32499999999999996	0.0691379447152425
	0.32999999999999996	0.0691421418898495
	0.33499999999999996	0.0691533381689214
	0.33999999999999997	0.0691623488049476
	0.345	0.0691681032934957
	0.35	0.0691800298680628
	0.355	0.0691883428387903
	0.36	0.0691951257140799
	0.365	0.0692080488375171
	0.37	0.0692146458017387
	0.375	0.0692231133227802
	0.3800000000000001	0.0692362840960605
	0.385	0.0692448766697176
	0.39	0.0692541378011077
	0.395	0.0692669017803136
	0.4	0.0692753822972016