Aspect ratio b/a	x=w (mm)	y=F_{n,b/a} (N)
1
	0.0	-0.00012371418535495217
	0.01906384199134199	0.0011994897101836436
	0.03812768398268398	0.005260542316407869
	0.057191525974025964	0.013683864675808784
	0.07625536796536796	0.023780017976317108
	0.09531920995670995	0.033332904636787314
	0.11438305194805193	0.04103545739455358
	0.13344689393939393	0.050184928233213404
	0.1525107359307359	0.0592214426417658
	0.1715745779220779	0.0680481808229771
	0.1906384199134199	0.07513216265396763
	0.20970226190476188	0.08320047909017549
	0.22876610389610386	0.09111280807528382
	0.24782994588744586	0.09914347236812286
	0.26689378787878787	0.10615752878999904
	0.28595762987012985	0.11482290064248658
	0.3050214718614718	0.12375721637618008
	0.3240853138528138	0.132826004050478
	0.3431491558441558	0.14036181160189626
	0.3622129978354978	0.14904332008725557
	0.3812768398268398	0.15665443192541145
	0.4003406818181818	0.16318438936111634
	0.41940452380952375	0.16825129208305492
	0.43846836580086573	0.17491572145936227
	0.4575322077922077	0.18241925574503598
	0.47659604978354975	0.1905574975903572
	0.4956598917748917	0.1976307216660992
	0.5147237337662337	0.2058496466757833
	0.5337875757575757	0.21328325555234262
	0.5528514177489177	0.22006602023638167
	0.5719152597402597	0.2256815684759826
	0.5909791017316016	0.2328354757160865
	0.6100429437229437	0.24050037633048396
	0.6291067857142857	0.24835891653935072
	0.6481706277056276	0.25483508519881304
	0.6672344696969696	0.2624999858132105
	0.6862983116883116	0.270207917448601
	0.7053621536796536	0.2777275883671465
	0.7244259956709956	0.2838702666139128
	0.7434898376623376	0.29121781344848596
	0.7625536796536796	0.2990333226363597
	0.7816175216450215	0.3074458872405121
	0.8006813636363636	0.3147288875435962
	0.8197452056277056	0.3237169920535312
	0.8388090476190475	0.3326513077872257
	0.8578728896103895	0.3413973628040751
	0.8769367316017315	0.34833073606158943
	0.8960005735930735	0.35641518913067005
	0.9150644155844154	0.36437054913677047
	0.9341282575757575	0.37224522597851
	0.9531920995670995	0.37892041311006586
	0.9531920995670995	0.37892041311006586
	0.9722559415584414	0.38702638168964254
	0.9913197835497835	0.39499249945099146
	1.0103836255411254	0.4025982324115241
2
	0.0	0.0001021986748589067
	0.01906384199134199	0.0012532784864242466
	0.03812768398268398	0.0043031020993108526
	0.057191525974025964	0.010478053611822668
	0.07625536796536796	0.018137575348595867
	0.09531920995670995	0.025888538004979464
	0.11438305194805193	0.03251531523791802
	0.13344689393939393	0.04066431483848775
	0.1525107359307359	0.049249003526613405
	0.1715745779220779	0.057995058543461854
	0.1906384199134199	0.06521351231505584
	0.20970226190476188	0.07336251191562655
	0.22876610389610386	0.08090907722229233
	0.24782994588744586	0.08812215211626208
	0.26689378787878787	0.09439930230363182
	0.28595762987012985	0.10241382996359906
	0.3050214718614718	0.110691922627148
	0.3240853138528138	0.11758226486366924
	0.3431491558441558	0.12601634497831865
	0.3622129978354978	0.13449345611396116
	0.3812768398268398	0.14249722601867892
	0.4003406818181818	0.1487528606955526
	0.41940452380952375	0.15592290456852928
	0.43846836580086573	0.16314673721774753
	0.4575322077922077	0.1705857249719311
	0.47659604978354975	0.17701886261040037
	0.4956598917748917	0.1848827816968914
	0.5147237337662337	0.1927628374162542
	0.5337875757575757	0.20040622252015464
	0.5528514177489177	0.20655965852216943
	0.5719152597402597	0.21347689514681192
	0.5909791017316016	0.21991541166290543
	0.6100429437229437	0.22599354337818262
	0.6291067857142857	0.23049566394958604
	0.6481706277056276	0.2341963317549939
	0.6481706277056276	0.2341963317549939
	0.6672344696969696	0.23523445513645183
	0.6862983116883116	0.23422322614311422
	0.7053621536796536	0.23264721499924146
	0.7244259956709956	0.23127560120508653
	0.7434898376623376	0.231264843449838
	0.7625536796536796	0.23273865591885184
	0.7816175216450215	0.234884828090883
	0.8006813636363636	0.2382788998717142
	0.8197452056277056	0.24221623829258443
	0.8388090476190475	0.24665919121012203
	0.8578728896103895	0.25051584646662944
	0.8769367316017315	0.2550986502023957
	0.8960005735930735	0.2594878143436927
	0.9150644155844154	0.26401145042559315
	0.9341282575757575	0.2679057578254694
	0.9531920995670995	0.2727467476871941
	0.9722559415584414	0.2776576629580331
	0.9913197835497835	0.2825147894526306
	1.0103836255411254	0.2864897800168687
4
	0.0	0.00013447194060346414
	0.01906384199134199	0.001801924004086615
	0.03812768398268398	0.0061426782467662805
	0.057191525974025964	0.014824186732125611
	0.07625536796536796	0.02488268788926512
	0.09531920995670995	0.03436564914062098
	0.11438305194805193	0.04203054975501844
	0.13344689393939393	0.051244567125168346
	0.1525107359307359	0.0601842617364861
	0.1715745779220779	0.06859144746301522
	0.1906384199134199	0.07535269663655723
	0.20970226190476188	0.08342639195038934
	0.22876610389610386	0.09157001267333482
	0.24782994588744586	0.09920264002198771
	0.26689378787878787	0.10426954274392629
	0.28595762987012985	0.10695898155599556
	0.28595762987012985	0.10695898155599556
	0.3050214718614718	0.10602843572701982
	0.3240853138528138	0.10293558109314016
	0.3431491558441558	0.10070872575674612
	0.3622129978354978	0.09938014298358425
	0.3812768398268398	0.09917574563386741
	0.4003406818181818	0.09981045319351495
	0.41940452380952375	0.10095615412745701
	0.43846836580086573	0.10288179231689858
	0.4575322077922077	0.10525925622676786
	0.47659604978354975	0.10784649636397824
	0.4956598917748917	0.10994963751501634
	0.5147237337662337	0.11250460438648216
	0.5337875757575757	0.11537154616014797
	0.5528514177489177	0.1184428852835316
	0.5719152597402597	0.12103012542074197
	0.5909791017316016	0.12425745199522512
	0.6100429437229437	0.12748477856970825
	0.6291067857142857	0.13082506157429782
	0.6481706277056276	0.13356828916260868
	0.6672344696969696	0.1367902368594676
	0.6862983116883116	0.1399906690458304
	0.7244259956709956	0.14328254215180364
	0.7434898376623376	0.1462355459674556
	0.7625536796536796	0.15000613918197686
	0.7816175216450215	0.15417476934068425
	0.8006813636363636	0.16201717291667822
	0.8388090476190475	0.16620731858588167
	0.8578728896103895	0.17045663190895094
	0.8769367316017315	0.17480276502925485
	0.8960005735930735	0.17854108497803156
	0.9150644155844154	0.1831561619795424
	0.9341282575757575	0.1878788165335364
	0.9531920995670995	0.19278435292675025
	0.9722559415584414	0.19701215073932346
	0.9913197835497835	0.20216511550324817
	1.0103836255411254	0.20708678852933476
7
	0.0	0.0006400864372717849
	0.01906384199134199	0.0021999609482727515
	0.057191525974025964	0.009606675436710812
	0.07625536796536796	0.014845702242621658
	0.09531920995670995	0.019928741597432992
	0.11438305194805193	0.026749158424840852
	0.13344689393939393	0.03433875475250068
	0.1525107359307359	0.04254154312931199
	0.1715745779220779	0.049636282715550054
	0.1906384199134199	0.0581833192603069
	0.20970226190476188	0.06641838090286277
	0.22876610389610386	0.07234052516703944
	0.22876610389610386	0.07234052516703944
	0.24782994588744586	0.072060823530584
	0.26689378787878787	0.06793522439286968
	0.28595762987012985	0.06237346492951033
	0.3050214718614718	0.060587677558296485
	0.3240853138528138	0.06015198847074154
	0.3431491558441558	0.06017888285886184
	0.3622129978354978	0.06049623663868609
	0.3812768398268398	0.06098033562485837
	0.4003406818181818	0.06149132899915192
	0.41940452380952375	0.06228740288752419
	0.43846836580086573	0.06324484310462121
	0.4575322077922077	0.06433675526232072
	0.47659604978354975	0.0654286674200212
	0.4956598917748917	0.06685944886804197
	0.5147237337662337	0.06844083888953899
	0.5337875757575757	0.07009215432014937
	0.5528514177489177	0.07151217801292163
	0.5719152597402597	0.07321190334214935
	0.5909791017316016	0.07496541744761864
	0.6100429437229437	0.07688567675943594
	0.6291067857142857	0.07876828392788444
	0.6481706277056276	0.08123718875736413
	0.6672344696969696	0.08385132328269577
	0.6862983116883116	0.08602976872047151
	0.7053621536796536	0.08881064845215118
	0.7244259956709956	0.09164531696007244
	0.7434898376623376	0.09435627128263875
	0.7625536796536796	0.0964647913113011
	0.7816175216450215	0.09910044134712881
	0.8006813636363636	0.10197276199841888
	0.8197452056277056	0.10509251102041886
	0.8388090476190475	0.1077980864653609
	0.8578728896103895	0.1111760216133193
	0.8769367316017315	0.11452168349553411
	0.8960005735930735	0.11766294802803112
	0.9150644155844154	0.12014798949038258
	0.9341282575757575	0.12312788769415582
	0.9531920995670995	0.12617771130704242
	0.9722559415584414	0.12928132369616963
	0.9913197835497835	0.13195462587536713
	1.0103836255411254	0.13515505806172898
10
	0.0	0.00021515510496534693
	0.01906384199134199	0.0031627800429930458
	0.03812768398268398	0.009827209419300416
	0.057191525974025964	0.01929941291540874
	0.07625536796536796	0.027023481183672034
	0.09531920995670995	0.0347905804729284
	0.11438305194805193	0.03968535911089371
	0.13344689393939393	0.041610997300335274
	0.1525107359307359	0.04198751873402537
	0.1525107359307359	0.04198751873402537
	0.1715745779220779	0.04202517087739418
	0.1906384199134199	0.04196600322352834
	0.20970226190476188	0.041836910160549134
	0.22876610389610386	0.041707817097569926
	0.24782994588744586	0.04160023954508774
	0.26689378787878787	0.04154107189122191
	0.28595762987012985	0.04166478607657686
	0.3050214718614718	0.041836910160549134
	0.3240853138528138	0.042299493636225365
	0.3431491558441558	0.04285351803151199
	0.3622129978354978	0.04356890875552238
	0.3812768398268398	0.04427354172428426
	0.4003406818181818	0.04522560306375702
	0.41940452380952375	0.04635516736482631
	0.43846836580086573	0.04764071911699511
	0.4575322077922077	0.048791798928560455
	0.47659604978354975	0.050292505785695586
	0.4956598917748917	0.05183086478619855
	0.5147237337662337	0.05345528582868863
	0.5337875757575757	0.05488606727670941
	0.5528514177489177	0.05670412791366879
	0.5719152597402597	0.0584952941625069
	0.5909791017316016	0.060248808267976184
	0.6100429437229437	0.061641937572628154
	0.6291067857142857	0.06336855728997616
	0.6481706277056276	0.0651435869059415
	0.6672344696969696	0.06707460397300732
	0.6862983116883116	0.06880122369035631
	0.7053621536796536	0.07102270014912511
	0.7244259956709956	0.07334099640512953
	0.7434898376623376	0.07572921807024635
	0.7625536796536796	0.0777355394240498
	0.7816175216450215	0.08016679211016067
	0.8006813636363636	0.08251736163190965
	0.8197452056277056	0.08484641564316162
	0.8388090476190475	0.0868366003640923
	0.8578728896103895	0.08925171641733137
	0.8769367316017315	0.09168296910344126
	0.8960005735930735	0.09414111617767243
	0.9150644155844154	0.09614743753147685
	0.9341282575757575	0.0984926281756006
	0.9531920995670995	0.10060652708188722
	0.9722559415584414	0.10259671180281887
	0.9913197835497835	0.1042157539676847
	1.0103836255411254	0.10619518093336786